0.04311189
0.03982922
0.03666058
0.03393894
0.03097034
0.02825533
0.02530314
0.02243253
0.01930892
0.01663751
0.01351344
0.01079605
0.00799484
0.00496216
0.00189587
-0.00111514
-0.00402034
-0.00681699
-0.00942546
-0.01262421
-0.01531176
-0.01853052
-0.02142827
-0.02453311
-0.02752789
-0.03155818
-0.03539012
-0.0391097
-0.04311179
-0.0474777
-0.05186487
-0.05665334
-0.06126762
-0.06614764
-0.07161406
-0.07702542
-0.08211779
-0.08843948
-0.09397242
-0.10021271
-0.10682256
-0.113345
-0.12003257
-0.12712012
-0.13426943
-0.14163844
-0.14926358
-0.15673536
-0.16460761
-0.1726162
-0.18126072
-0.18938406
-0.1978009
-0.20670462
-0.21602648
-0.22545554
-0.23481996
-0.2439661
-0.2534273
-0.26308975
-0.273567
-0.28440472
-0.29520813
-0.30572402